Template: NONE
DangerType: Flood
RainIntensity: 0.173913
WaveSpeed: 0.25
WaveLength: 0.75
WaveAmplitude: 0.04991015
SecondWaveLength: 0.1666667
SecondWaveAmplitude: 0
Palette: 53
Effects: WaterGlowworm-0.08695652-20-20, 
FadePalette: 22, 0.5978261
