Clouds: 0.6109264
Palette: 55
EffectColorB: 18
Effects: Desaturation-0.09279881-40-40, Darkness-0.2474637-280.4333-74.08889, 
PlacedObjects: LightSource><210.7963><178.036><0.1184109~White~40.50827~282.5111~528.8843~-170.4419~1~0~Fade~0~0, FlameJet><137.412><251.8827><-135.4927~228.7111~137.412~251.8827~88~-12~0.6086956~1~0.5~0~0.5~0~None~None~Always~0~1~0~1~True~0.1956522~1~0.75~0.75, LanternOnStick><712.6356><378.4217><-7.114624~-80.62213, InsectGroup><205.9318><262.735><-205.6114~191.0222~-158.6552~95.28891~StandardFly~0.5, LanternOnStick><705.7122><218.9349><31.30414~-118.3111, LanternOnStick><299.0891><231.1321><31.30408~-140.3556, 
FadePalette: 28, 0
