Template: NONE
DangerType: Flood
RainIntensity: 0
WaveSpeed: 0.5
WaveLength: 0.75
WaveAmplitude: 0.04933487
SecondWaveLength: 0.1666667
SecondWaveAmplitude: 0
Palette: 208
PlacedObjects: InsectGroup><573.3148><357.6744><-170~198~0~0~StandardFly~0.5, 
AmbientSounds: OMNI><AM_WAT-Sea02.ogg><757.1465><172.5788><0.6195652><1, OMNI><AM_SUB-MysticCave1.ogg><707.7205><230.3022><0.5><1, 
FadePalette: 11, 0.5108696
MorePalette0: 5, 0.326087
