Template: NONE
DangerType: None
WaveSpeed: 0.5283846
WaveLength: 0.9858077
WaveAmplitude: 0.007874459
SecondWaveLength: 0.1666667
SecondWaveAmplitude: 0
Palette: 38
AmbientSounds: OMNI><AM_ENV-WindGrass.ogg><759.3><418.0052><0.4021739><1, 
FadePalette: 13, 0.4891304
MorePalette0: 1, 0.5326087
