WaveSpeed: 0.5
WaveLength: 1
WaveAmplitude: 0.04828316
SecondWaveLength: 0.1666667
SecondWaveAmplitude: 0
Effects: Flies-0.1086956-20-20, Beetle-0.1304348-30-30, 
AmbientSounds: OMNI><AM_ENV-LushNight.ogg><719.6768><504.0639><0.3478261><1, 
FadePalette: 29, 0.5954598, 0.6031929
MorePalette0: 99, 0.5335939, 0.5490603
MorePalette1: 5, 0.1855973, 0.1778644
