Clouds: 0.6956522
Effects: Flies-0.2934783-40-40, 
FadePalette: 10, 0.5652174, 0.5543478, 0.5652174, 0.5652174, 0.5543478, 0.5652174, 0.5543478, 0.5543478, 0.5543478
