Template: NONE
DangerType: Blizzard
WaveSpeed: 0.5173337
WaveLength: 0.9913331
WaveAmplitude: 1.182193E-05
SecondWaveLength: 0.1666667
SecondWaveAmplitude: 0
Effects: Desaturation-0.3586957-20-20, Darkness-0.5652174-14-92, Fog-0.5760869-30-30, 
AmbientSounds: OMNI><AM_ENV-LightWind.ogg><737.7736><522.4486><0.3804348><0.5695652, OMNI><MSC-MetalVariety.ogg><721.0508><265.7325><0.2065217><1, 
FadePalette: 4, 0.423913
