Template: gate_settingstemplate_plant
PlacedObjects: LanternOnStick><471.0693><398.1876><14‾-99, CustomDecal><68.55151><250.9753><-14‾210‾100‾224‾40‾0‾0‾0‾0‾1‾0‾rustb4‾0.5‾0‾0.5‾0‾0.5‾0‾0.5‾0, CustomDecal><245><166><10‾105‾198‾189‾235‾86‾0‾0‾0‾1‾0‾rustb4‾0.5‾0‾0.5‾0‾0.5‾0‾0.5‾0, CustomDecal><708><177><-4‾234‾102‾265‾235‾86‾0‾0‾0‾1‾0‾rustb4‾0.5‾0‾0.5‾0‾0.5‾0‾0.5‾0, CustomDecal><107><232><-4‾234‾102‾265‾235‾86‾0‾0‾0‾1‾0‾rustb4‾0.5‾0‾0.5‾0‾0.5‾0‾0.5‾0, 
FadePalette: 29, 0.7934783
MorePalette0: 5, 0.2608696
MorePalette1: 2, 0.07608695
MorePalette2: 10, 0.6195652
