Clouds: 1
EffectColorA: 14
EffectColorB: 8
PlacedObjects: LightSource><318.8334><428.3182><1~EffectColor1~0~100~50~86.60254~1~0~None~0~0, LightSource><795.4104><423.3805><1~EffectColor1~0~100~50~86.60254~1~0~None~0~0, LightSource><318.1417><427.4182><0.1304348~EffectColor1~0~100~50~86.60254~1~1~None~0~0, LightSource><795><419><0.06521739~EffectColor1~0~100~50~86.60254~1~1~None~0~0, CustomDecal><-7.697662><162.5305><2~450~652~449~920~-27~0~0~0~1~0~rust1~0.5760868~1~0.5760868~1~0.5760868~1~0.5760868~1, CustomDecal><231><203><-77~528~650~437~935~-236~0~0~0~1~0~rust1~0.5543478~1~0.5543478~1~0.5543478~1~0.5543478~1, CustomDecal><303><104><2~450~652~449~920~-27~0~0~0~1~0~rust1~0.3695652~1~0.3695652~1~0.3695652~1~0.3695652~1, CustomDecal><-72><239><2~450~652~449~920~-27~0~0~0~1~0~rust1~0.1413043~1~0.1413043~1~0.1413043~1~0.1413043~1, 
AmbientSounds: OMNI><RWTW_DeepRumble_02.ogg><629.9412><434.4415><0.1630435><1, OMNI><RWTW_RotAmb_Deep.ogg><702.5829><265.932><0.3695652><1, OMNI><AM_IND-ElectricHum01.ogg><743.943><298.8024><0.1304348><1, 
MorePalette0: 462, 0.5760869
MorePalette1: 459, 0.5760869
MorePalette2: 452, 0.2173913
