EffectColorA: 2
PlacedObjects: LanternOnStick><939.45><276.9997><-41~136, LanternOnStick><730.0536><265.9624><35~-105, LanternOnStick><647.3234><278.186><-9~-140, CustomDecal><256.392><159.5817><58~291~711~242~814~-16~-172~-150~0~1~0~scavmark ms_scavtrader~0.7934783~0.1847826~0.7934783~0.1847826~0.7934783~0.1847826~0.7934783~0.1847826, CustomDecal><189.995><77.05005><-30~368~354~397~445~59~-260~17.99998~0~1~0~scavenger king~0.4891304~0.5760869~0.4891304~0.5760869~0.4891304~0.5760869~0.4891304~0.5760869, 
AmbientSounds: OMNI><AM_ENV-LightWind.ogg><757.8423><522.3729><0.5543478><1, OMNI><AM_ENV-WindGrass.ogg><733.8137><416.5726><0.5652174><1, 
FadePalette: 29, 0
MorePalette0: 99, 0.3586957
MorePalette1: 5, 0.25
MorePalette2: 2, 0.09782609
MorePalette3: 10, 0.423913
