Template: gate_settingstemplate_trash
Clouds: 0.7608696
PlacedObjects: CustomDecal><-191.794><624.8049><1~143~184~144~186~-29~0~0~0~1~0~captura de tela 2026-03-21 161800~0.5869567~0.08695649~0.5869567~0.08695649~0.5869567~0.08695649~0.5869567~0.08695649, 
FadePalette: 9, 0.3170629, 0.3170629, 0.3247963, 0.3325295, 0.3170629, 0.3247963, 0.3117412, 0.3170629, 0.3093297
MorePalette0: 10, 0, 0, 0, 0, 0, 0, 0, 0, 0
