Template: NONE
DangerType: AerieBlizzard
WaveSpeed: 0.5093403
WaveLength: 0.7453299
WaveAmplitude: 0.04999999
SecondWaveLength: 0.1666667
SecondWaveAmplitude: 0
Palette: 4
EffectColorB: 3
Effects: Desaturation-0.4673913-20-20, Darkness-0.6630435-40-40, 
AmbientSounds: OMNI><AM_ENV-LightWind.ogg><761.006><515.7><0.4456522><1, OMNI><MSC-MetalVariety.ogg><750.3152><263.4234><0.08695652><1, 
FadePalette: 4, 0.423913
