PlacedObjects: BigSkyWhaleSpawner><126.8336><584.389><0~0~600~1200~-1, BigSkyWhaleTrigger><504.4224><515.3157><-12~146~0~0~1~0, BigSkyWhaleTrigger><825.7252><705.8015><6~112~0~0~0~0, BigSkyWhaleTrigger><1218.036><696.1968><0~100~0~0~0~0, BigSkyWhaleTrigger><1543.661><418.1316><2~134~0~0~0~0, 
AmbientSounds: OMNI><AM_ENV-LushNight.ogg><719.6768><504.0639><0.3478261><1, 
FadePalette: 29, 0.5954598, 0.6031929
MorePalette0: 99, 0.5335939, 0.5490603
MorePalette1: 5, 0.1855973, 0.1778644
