Template: NONE
DangerType: None
Clouds: 0.3789291
Palette: 38
EffectColorA: 4
EffectColorB: 2
Effects: SkyBloom-0.6195652-20-20, 
AmbientSounds: OMNI><AM_ENV-LightWind.ogg><741.0835><516.9912><0.6082644><1, 
FadePalette: 13, 0.4562613, 0.6133378
MorePalette0: 1, 0.5335939, 0.5799932
