Template: NONE
DangerType: Blizzard
WaveSpeed: 0.5149395
WaveLength: 0.9925303
WaveAmplitude: 3.273208E-11
SecondWaveLength: 0.1666667
SecondWaveAmplitude: 0
EffectColorA: 5
EffectColorB: 7
Effects: FWFog-1-20-20, Desaturation-0.5217391-30-30, Darkness-0.8695652-40-40, 
AmbientSounds: OMNI><AM_ENV-LightWind.ogg><748.8774><518.3419><0.2608696><0.6086956, 
FadePalette: 4, 0.423913
