DangerType: Blizzard
WaveSpeed: 0.408629
WaveLength: 0.9543145
WaveAmplitude: 1.496897E-05
SecondWaveLength: 0.1666667
SecondWaveAmplitude: 0
Clouds: 1
Palette: 0
EffectColorA: 0
EffectColorB: 0
Effects: Desaturation-0.3152174-40-40, Darkness-0.4347826-60-60, 
AmbientSounds: OMNI><AM_ENV-LightWind.ogg><755.8896><514.6068><0.5><0.2956522, 
FadePalette: 4, 0.7717391, 0.7717391
