Template: NONE
DangerType: Blizzard
WaveSpeed: 0.3861651
WaveLength: 0.9430826
WaveAmplitude: 2.468773E-05
SecondWaveLength: 0.1666667
SecondWaveAmplitude: 0
Effects: Desaturation-0.3586957-20-20, Darkness-0.5652174-14-92, Fog-0.5760869-30-30, 
AmbientSounds: OMNI><AM_ENV-LightWind.ogg><737.7736><522.4486><0.6304348><0.3347826, 
FadePalette: 4, 0.423913
