FadePalette: 29, 0.3913043
MorePalette0: 5, 0.173913
MorePalette1: 99, 0.5434783
