FadePalette: 29, -1
MorePalette0: 99, 0.5869565
MorePalette1: 5, 0.1086956
