WaveSpeed: 0.4592409
WaveLength: 0.9796205
WaveAmplitude: 7.031981E-09
SecondWaveLength: 0.1666667
SecondWaveAmplitude: 0
PlacedObjects: DeepProcessing><1475.404><1275.426><2~213~373~226~432~38~-303~-41~0~1~0.2282609, DeepProcessing><1924.105><972.3879><-30~501~124~457~231~-19~-297~103~0~1~0.326087, ZapCoil><1957.091><951.5723><41~58, LightBeam><1177.551><1519.194><-154~-459~320~-444~86~25~-331~-256~0.6282607~0.05434782~0.6521739~1~None~0~0, DeepProcessing><1394.695><250.0454><-7~268~233~260~228~3~-281~-171~0~1~0.1847826, Corruption><1837.817><245.0596><77~336, StuckDaddy><1793.165><151.5692><-20~142, CorruptionTube><1634.917><394.1399><295~133, CorruptionTube><1635.685><360.0758><315~-56, ClimbableWire><1957.968><1190><-473~-119~17.32051~-10~Black~2, ClimbableWire><1960.088><1183><-519~-250~17.32051~-10~Black~2, RottenDangleFruit><1608.381><1212.34><0~0~2~3, RottenDangleFruit><1514.729><1234.832><0~0~2~3, CorruptionDarkness><1823.863><306.0757><145~286, Vine><1573.185><1310.576><361~-80, Vine><1030.115><1385.914><331~88, CorruptionTube><1055.148><1328.422><384~3, 
FadePalette: 34, 0, 0, 0, 0
