WaveSpeed: 0.4592409
WaveLength: 0.9796205
WaveAmplitude: 7.031981E-09
SecondWaveLength: 0.1666667
SecondWaveAmplitude: 0
Effects: Moth-0.2608696-40-40, RockFlea-0.1304348-50-50, LightRain-0.5760869-294-129, BrokenZeroG-0.3804348-60-60, 
PlacedObjects: LightSource><1278.747><1240.95><1~Environment~-89~325~50~86.60254~1~0~None~0~0, LightSource><1360.955><1095.227><1~Environment~0~100~50~86.60254~1~0~None~0~0, LightFixture><1886.591><1227.872><RedLight~17.32051~-10~31, Corruption><1560.94><387.8093><3~144, Corruption><1997.99><269.4497><71~282, LightSource><1540.296><415.4446><0.3913043~Environment~306~366~50~86.60254~1~0~Fade~0~0, LightSource><1122.193><379.4417><0.2717391~Environment~-46~352~50~86.60254~1~0~Fade~0~0, CustomDecal><160.1771><1254.337><6~163~271~164~280~23~-311~-268~0~1~0~rustb2~0.6630435~0~0.6630435~0~0.6630435~0~0.6630435~0, CustomDecal><398.1603><1110.572><17~141~269~206~404~-72~-356~-350~0~1~0~rustb3~0.5~0~0.5~0~0.5~0~0.5~0, CustomDecal><188.9999><1115><17~141~380~216~148~-79~-356~-350~0~1~0~rustb3~0.5~0~0.5~0~0.5~0~0.5~0, CustomDecal><55.99994><1084><41~250~380~216~242~-138~-267~-157~0~1~0~rustb3~0.6413044~0~0.6413044~0~0.6413044~0~0.6413044~0, CustomDecal><1267.787><1098.742><10~352~199~285~361~-9~-310.089~-290.2118~0~1~0~rustb1~0.6086956~0~0.6086956~0~0.6086956~0~0.6086956~0, CustomDecal><1214><1064><-15~240~199~285~261~57~-310.089~-290.2118~0~1~0~rustb1~0.6086956~0~0.6086956~0~0.6086956~0~0.6086956~0, CustomDecal><970.9998><1127.042><-15~240~199~285~261~57~-310.089~-290.2118~0~1~0~rustb1~0.6086956~0~0.6086956~0~0.6086956~0~0.6086956~0, CustomDecal><1333><1152><-15~240~199~285~353~152~-310.089~-290.2118~0~1~0~rustb1~0.6086956~0~0.6086956~0~0.6086956~0~0.6086956~0, CustomDecal><1029><952.0002><-15~240~199~285~353~152~-310.089~-290.2118~0~1~0~rustb1~0.6086956~0~0.6086956~0~0.6086956~0~0.6086956~0, ClimbableWire><1956.415><1187><-478~137~17.32051~-10~Black~2, ClimbableWire><1955.349><1188><-464~-98~17.32051~-10~Black~2, LightSource><836.9464><1015.911><0.2612199~Environment~-70~272~50~86.60254~1~0~None~0~0, ClimbableArc><1629.69><526.9861><0;0^-23;62^-152;462^157;503, StuckDaddy><1831.23><156.4489><-4~123, SSLightRod><1822.598><1330.129><17.32051~-10~0.1630435~135~195.6526~0.2608696, SSLightRod><1801><1318><17.32051~-10~0.1630435~135~261.7386~0.2608696, CoralNeuron><1655.425><1313.91><-2~-228, CoralNeuron><1663.199><1308.356><12~-151, CoralStemWithNeurons><883.7003><1298.552><20~-131, WallMycelia><1775.582><1331.148><0~100, SSLightRod><1631.689><333.0148><210.4422~38.97882~0.3695652~45~641.7487~0, SSLightRod><1555><149.1903><210.4422~38.97882~0.3695652~45~641.7487~0, CoralStemWithNeurons><1241.951><645.8542><-5~-93, WallMycelia><1489.966><477.7182><0~100, CoralStem><1029.417><535.9078><0~100, SSLightRod><985.8351><534.0562><17.32051~-10~0.6648274~45~286.5217~0.1521792, SSLightRod><931.9964><453.0549><17.32051~-10~0.6648274~45~286.5217~0, CorruptionDarkness><1947.776><355.6921><-6~179, CorruptionDarkness><1974.061><241.4259><0~100, CorruptionDarkness><1918.086><145.6891><0~100, CorruptionDarkness><1817.978><135.4127><0~100, CorruptionDarkness><1613.63><400.9736><3~83, LightBeam><1064.424><1522.565><55~-513~477~-457~192~30~-183~-312~0.6391303~0~0.5652174~1~Fade~0.25~0, CustomWallMycelia><1095.884><1058.855><-180~94~53^119~FFFFFF~FFFFFF~56AF00, 
AmbientSounds: SPOT><AM_NAT-ForestRain.ogg><749.0272><356.6982><0.5><1><1203.004><1326.639><35.64465><-315.3553><0><0.1, 
FadePalette: 34, 0, 0, 0, 0
