Template: NONE
DangerType: None
WaveSpeed: 0.5
WaveLength: 0.75
WaveAmplitude: 0.03430947
SecondWaveLength: 0.1666667
SecondWaveAmplitude: 0
Palette: 36
EffectColorA: 0
EffectColorB: 3
Effects: DayNight-1-20-20, LocustSwarmConfig-0,0.25,0.3586957,0,0-30-30, 
PlacedObjects: DayNightSettings><250.903><232.8251><5~8.660254~23~10, 
FadePalette: 30, 0.4565217
