Template: ffl1_settingstemplate_outerrim
WaveSpeed: 0.5
WaveLength: 0.75
WaveAmplitude: 0.04828316
SecondWaveLength: 0.1666667
SecondWaveAmplitude: 0
PlacedObjects: FloatingDebris><1941.949><214.7263><-98~617~1397885327~0~30~3~3~6~-28|-145|-401|-477|-506|-549|-568|-511|-419|-324|-63|14|108~1256|1166|888|752|603|478|400|271|188|113|-60|-85|-126~0.25|0.25|0.25|0.25|0.25|0.25|0.25|0.25|0.25|0.25|0.5|0.25|0.25~0|0.17|0.29|0.8599999|0|0.37|-0.21|0|0|0|0|0|0~0|0|0|0|0|0|0|0|0|0|0|0|0~Stardust~0.5~0v2.64v0v0|0v0.47v0v0|0v0.43v0v0|0v0.46v0v0|0v0.17v0v0|0v0.15v0v0|0v0.13v0v0|0v0.15v0v0|0v0.14v0v0|0v0.2v0v0|0v0.24v0v0|0v0.14v0v0|0v0.18v0v0~0, Corruption><1614.553><1325.286><-7~79, CorruptionDarkness><1627.706><1321.945><33~48, CorruptionTube><1656.318><1141.188><6~176, 
FadePalette: 35, 0.3101903, 0.3133266, 0.3009964
