Template: ffl1_settingstemplate_outerrim
DangerType: Sandstorm
WaveSpeed: 0.5
WaveLength: 0.75
WaveAmplitude: 0.0499815
SecondWaveLength: 0.1666667
SecondWaveAmplitude: 0
Clouds: 0.1521739
PlacedObjects: Corruption><1614.553><1325.286><-7~79, CorruptionDarkness><1627.706><1321.945><33~48, CorruptionTube><1656.318><1141.188><6~176, CustomDecal><670.2605><1443.502><95.33539~264.7111~279.05~319.4667~308.2198~-64.71112~-311.6187~-96.71112~0~1~0~rustb2~0.6159986~1~0.6159986~1~0.6159986~1~0.6159986~1, CustomDecal><768.976><1650.871><-80.39484~217.7778~77.70728~276.8~308.9313~155.0222~-327.9823~-130.8445~0~1~0~rustb3~0.5~1~0.5~1~0.5~1~0.5~1, CustomDecal><505.062><1217.659><-122.3708~332.2667~471.8553~542.0444~913.6708~-2.133331~-405.5313~-224~0~1~0~rustb3~0.05920518~1~0.05920518~1~0.05920518~1~0.05920518~1, CustomDecal><970.4589><1280.875><335.0969~-571.5555~398.5751~-575.1111~67.74683~46.93332~-784.027~-29.86661~0~1~0~rustb3~0.5~1~0.5~1~0.5~1~0.5~1, CustomDecal><135.1557><214.001><536.4396~756.8~-35.41461~769.6~-428.1396~273.0667~535.7281~339.9111~0~1~0~rustb2~0.6626587~1~0.6626587~1~0.6626587~1~0.6626587~1, CustomDecal><568.3805><1508.318><78.97186~156.6222~183.7146~143.1111~77.70728~-12.80002~393.4364~89.59998~0~1~0~rustb3~0.1906698~1~0.1906698~1~0.1906698~1~0.1906698~1, CustomDecal><271.9646><1776.894><54.07086~443.9111~700.2333~409.7778~671.0636~-71.82225~716.1041~225.2222~0~1~0~rustb2~0.7319973~1~0.7319973~1~0.7319973~1~0.7319973~1, CustomDecal><439.0732><2088.772><3.557312~441.0667~1063.077~451.0222~1068.057~-116.6222~419.6104~11.84448~0~1~0~rustb2~0.78613~1~0.78613~1~0.78613~1~0.78613~1, CustomDecal><525.4816><2174.261><4.980194~73.42221~139.6042~110.4~218.5761~-25.59998~51.46039~-66.02222~0~1~0~rustb1~0.9485285~1~0.9485285~1~0.9485285~1~0.9485285~1, FloatingDebris><1403.678><1524.092><-639~-709~1777851660~0~30~3~3~10~-650|-655|-833|-1049|-1200|-1255|-1240|-1190|-1065|-866|-626|-527|-377|-202|-123|-108|-50|99~-534|-494|-303|28|290|537|630|711|830|945|963|923|835|589|404|218|50|-360~0.25|1.79|0.25|0.55|0.25|0.25|0.25|0.25|0.25|0.25|0.36|0.25|0.68|0.25|0.25|0.75|0.5|0.25~-2.25|-3.54|-0.47|-2.18|-1.58|0|0|0|0|0|0|0.54|0|-0.21|0|0|0|0~0|-0.19|0|0|0|0|0|0|0|0|0|0|0|-1|0|0|0|0~Stardust~0.5~0v-2.43v0v0|0.02v1.25v0v0|0.3999999v-2.43v0v0|0v-0.9199999v0v0|0v-0.74v0v0|0v-0.91v0v0|0v-0.9v0v0|0.3999999v-2.77v0v0|0v-1.12v0v0|0v-0.9899999v0v0|0v-0.56v0v0|0v0v0v0|4.26v-1.51v0v0|3.27v-0.64v0v0|0.01v-0.56v0v0|0v-0.71v0v0|0v-1.33v0v0|0v-1.11v0v0~0, CustomDecal><304.9496><547.5117><30~173~237~198~334~-30~-148~-345~0~1~0~rustb2~0.5~0~0.5~0~0.5~0~0.5~0, FloatingDebris><403.8612><476.3338><3~213~129762697~0~30~3~3~6~484|389~-196|186~0.25|0.5~0|-1.29~0|0~Stardust~0.5~0v-0.72v0v0|0v-1.57v0v0~0, FloatingDebris><240.9016><661.8805><50~50~1656388887~0~30~2.23913~2.23913~6~-112|7|121~164|-165|-386~0.5|0.25|0.25~0|0|0~0|0|0~Stardust~0.5~0v0.8599999v0v0|0v0.72v0v0|0v0.59v0v0~0, 
Triggers: Spot<tA>event<tB>MusicEvent<eA>songName<eB>139_<eA>vol<eB>0.3<eA>prio<eB>0.5<eA>mxThrt<eB>1<eA>loop<eB>0<eA>droneTol<eB>0<eA>rooms<eB>-1<eA>rest<eB>5<eA>fadeIn<eB>0<eA>oneSongPerCycle<eB>0<eA>stopAtDeath<eB>0<eA>stopAtGate<eB>0<tA>multiUse<tB>0<tA>toCycle<tB>-1<tA>fromCycle<tB>0<tA>delay<tB>0<tA>panPos<tB>114.5138<tB>339.933<tA>fireChance<tB>1<tA>entrance<tB>-1<tA>karma<tB>0<tA>slugcats<tB><tA>pos<tB>802.0481<tB>1460.822<tA>handlePos<tB>-272.9824<tB>58.51132, 
FadePalette: 35, 0.3101903, 0.3133266, 0.3009964
