Template: ffl1_settingstemplate_outerrim
RumbleIntensity: 0.1086956
WaveSpeed: 0.5
WaveLength: 0.75
WaveAmplitude: 0.04507615
SecondWaveLength: 0.1666667
SecondWaveAmplitude: 0
Clouds: 0.1521739
Grime: 0
FadePalette: 35, 0.3804348, 0.2717391, 0.2717391
