DangerType: Sandstorm
WaveSpeed: 0.5
WaveLength: 0.75
WaveAmplitude: 0.04917884
SecondWaveLength: 0.1666667
SecondWaveAmplitude: 0
Palette: 69
Effects: Outer Rim View-0.7065217-40-40, SurfaceSandstorm-0.2173913-66-87, 
PlacedObjects: LightSource><413.4221><255.602><0.5217391~Environment~-132~333~50~86.60254~1~0~None~0~0, 
FadePalette: 35, 0.2608696
