Template: ffl1_settingstemplate_outside
DangerType: Sandstorm
WaveSpeed: 0.5
WaveLength: 0.75
WaveAmplitude: 0.04999954
SecondWaveLength: 0.1666667
SecondWaveAmplitude: 0
Palette: 69
Effects: Darkness-0.2173913-115-124, Outer Rim View-0.4782609-279-261, SurfaceSandstorm-0.2282609-60-60, FlowerWind-0.1847826,0.5,0.5217391-70-70, 
PlacedObjects: FloatingDebris><221.1523><452.8254><-49~30.00003~1493789413~0~30~3~3~6~-323|152|359|782|1696~118|58|88|69|110~0.5|0.25|0.25|-0.36|0.25~0|0|0|0.53|0.62~0|0|0|0|0~Stardust~0.5~0v0.5v0v0|0v0.24v0v0|0v0.7v0v0|0v0.55v0v0|0v0.74v0v0~0, CustomDecal><49.20236><271.5558><203~230~302~181~102~-107~-196~95~0~1~0~rustb2~0.4456522~0~0.4456522~0~0.4456522~0~0.4456522~0, CustomDecal><566.72><361.1978><-78~241~412~303~607~-91~-655~-11~0~1~0.07608695~rustb2~0.7826087~1~0.7826087~1~0.7826087~1~0.7826087~1, CustomDecal><173.5521><197.0293><84~281~263~200~40~0~118~138~0~1~0~rustb2~0.4130435~0~0.4130435~0~0.4130435~0~0.4130435~0, CustomDecal><-19.42401><258.935><20~308~153~278~79~-26~-240~78~0~1~0.7717391~rustb2~0.2826087~1~0.2826087~1~0.2826087~1~0.2826087~1, CustomDecal><838.9344><246.9389><94~350~592~394~801~24~-324~29~0~1~0~rustb2~0.5~1~0.5~1~0.5~1~0.5~1, CustomDecal><1413.722><527.1981><55~175~777~280~709~-48~-143~157~0~1~0~rustb2~0.4130435~1~0.4130435~1~0.4130435~1~0.4130435~1, CustomDecal><1313.753><-37.44998><54~298~781~285~689~-73~-271~275.9988~0~1~0~rustb3~0.5~1~0.5~1~0.5~1~0.5~1, CustomDecal><1518.686><277.3819><28~68~273~90~342~-22~-409~141~0~1~0~rustb3~0.6086956~1~0.6086956~1~0.6086956~1~0.6086956~1, 
FadePalette: 35, 0.3369565, 0.3369565
