Template: NONE
DangerType: None
WaveSpeed: 0.4947774
WaveLength: 0.9973887
WaveAmplitude: 0.0007389748
SecondWaveLength: 0.1666667
SecondWaveAmplitude: 0
Palette: 42
EffectColorA: 7
EffectColorB: 4
PlacedObjects: LightBeam><44.05325><18.78589><366~718~896~719~419~-236~-210~72~0.3239132~0.3804348~0.2391304~1~Fade~0~0, 
AmbientSounds: OMNI><AM_ENV-NatWind.ogg><725.6821><493.5619><0.4456522><1, 
FadePalette: 2, 0.2717391
MorePalette0: 1, 0.2391304
