Template: gate_settingstemplate_rotteni
Clouds: 0.5103939
Grime: 0.180276
FadePalette: 13, 0.5326087, 0.5326087
MorePalette0: 1, 0.5217391, 0.5217391
