Palette: 443
PlacedObjects: LightFixture><1418.392><322.1087><RedLight‾17.32051‾-10‾90, LightFixture><1417.156><458.6247><RedLight‾17.32051‾-10‾14, LightFixture><92.61938><529.3395><RedLight‾17.32051‾-10‾74, LightFixture><98.63556><325.336><RedLight‾17.32051‾-10‾37, CustomDecal><-17.82849><193.566><-37‾177‾187‾292‾303‾17‾-232‾36‾0‾1‾0‾rustb1‾0.5‾1‾0.5‾1‾0.5‾1‾0.5‾1, CustomDecal><-12><337><-37‾177‾364‾340‾347‾-61‾-232‾36‾0‾1‾0‾rustb1‾0.5‾1‾0.5‾1‾0.5‾1‾0.5‾1, CustomDecal><36><195><-37‾177‾187‾292‾305‾51‾-232‾36‾0‾1‾0‾rustb1‾0.5‾1‾0.5‾1‾0.5‾1‾0.5‾1, CustomDecal><334><138><-467‾411‾584‾486‾556‾-26‾-232‾36‾0‾1‾0‾rustb1‾0.5‾1‾0.5‾1‾0.5‾1‾0.5‾1, CustomDecal><25><151><-222‾437‾584‾486‾589‾-14‾-232‾36‾0‾1‾0‾rustb1‾0.5‾1‾0.5‾1‾0.5‾1‾0.5‾1, CustomDecal><887><102><-35‾475‾908‾517‾1311‾44‾-232‾36‾0‾1‾0‾rustb1‾0.5‾1‾0.5‾1‾0.5‾1‾0.5‾1, CustomDecal><30><284><-3‾261‾414‾308‾303‾17‾-232‾36‾0‾1‾0‾rustb1‾0.5‾1‾0.5‾1‾0.5‾1‾0.5‾1, 
FadePalette: 29, 0, 0
